{
    "asset": {
        "generator": "COLLADA2GLTF",
        "version": "2.0"
    },
    "scenes": [
        {
            "nodes": [
                0
            ]
        }
    ],
    "scene": 0,
    "nodes": [
        {
            "children": [
                867,
                866,
                865,
                864,
                863,
                862,
                861,
                860,
                859,
                858,
                857,
                856,
                855,
                854,
                853,
                852,
                851,
                850,
                849,
                848,
                847,
                846,
                845,
                844,
                843,
                842,
                841,
                840,
                839,
                838,
                837,
                836,
                835,
                834,
                833,
                832,
                831,
                830,
                829,
                828,
                827,
                826,
                825,
                824,
                823,
                822,
                821,
                820,
                819,
                818,
                817,
                816,
                815,
                814,
                813,
                812,
                811,
                810,
                809,
                808,
                807,
                806,
                805,
                804,
                803,
                802,
                801,
                800,
                799,
                798,
                797,
                796,
                795,
                794,
                793,
                792,
                791,
                790,
                789,
                788,
                787,
                786,
                785,
                784,
                783,
                782,
                781,
                780,
                779,
                778,
                777,
                776,
                775,
                774,
                773,
                772,
                771,
                770,
                769,
                768,
                767,
                766,
                765,
                764,
                763,
                762,
                761,
                760,
                759,
                758,
                757,
                756,
                755,
                754,
                753,
                752,
                751,
                750,
                749,
                748,
                747,
                746,
                745,
                744,
                743,
                742,
                741,
                740,
                739,
                738,
                737,
                736,
                735,
                734,
                733,
                732,
                731,
                730,
                729,
                728,
                727,
                726,
                725,
                724,
                723,
                722,
                721,
                720,
                719,
                718,
                717,
                716,
                715,
                714,
                713,
                712,
                711,
                710,
                709,
                708,
                707,
                706,
                705,
                704,
                703,
                702,
                701,
                700,
                699,
                698,
                697,
                696,
                695,
                694,
                693,
                692,
                691,
                690,
                689,
                688,
                687,
                686,
                685,
                684,
                683,
                682,
                681,
                680,
                679,
                678,
                677,
                676,
                675,
                674,
                673,
                672,
                671,
                670,
                669,
                668,
                667,
                666,
                665,
                664,
                663,
                662,
                661,
                660,
                659,
                658,
                657,
                656,
                655,
                654,
                653,
                652,
                651,
                650,
                649,
                648,
                647,
                646,
                645,
                644,
                643,
                642,
                641,
                640,
                639,
                638,
                637,
                636,
                635,
                634,
                633,
                632,
                631,
                630,
                629,
                628,
                627,
                626,
                625,
                624,
                623,
                622,
                621,
                620,
                619,
                618,
                617,
                616,
                615,
                614,
                613,
                612,
                611,
                610,
                609,
                608,
                607,
                606,
                605,
                604,
                603,
                602,
                601,
                600,
                599,
                598,
                597,
                596,
                595,
                594,
                593,
                592,
                591,
                590,
                589,
                588,
                587,
                586,
                585,
                584,
                583,
                582,
                581,
                580,
                579,
                578,
                577,
                576,
                575,
                574,
                573,
                572,
                571,
                570,
                569,
                568,
                567,
                566,
                565,
                564,
                563,
                562,
                561,
                560,
                559,
                558,
                557,
                556,
                555,
                554,
                553,
                552,
                551,
                550,
                549,
                548,
                547,
                546,
                545,
                544,
                543,
                542,
                541,
                540,
                539,
                538,
                537,
                536,
                535,
                534,
                533,
                532,
                531,
                530,
                529,
                528,
                527,
                526,
                525,
                524,
                523,
                522,
                521,
                520,
                519,
                518,
                517,
                516,
                515,
                514,
                513,
                512,
                511,
                510,
                509,
                508,
                507,
                506,
                505,
                504,
                503,
                502,
                501,
                500,
                499,
                498,
                497,
                496,
                495,
                494,
                493,
                492,
                491,
                490,
                489,
                488,
                487,
                486,
                485,
                484,
                483,
                482,
                481,
                480,
                479,
                478,
                477,
                476,
                475,
                474,
                473,
                472,
                471,
                470,
                469,
                468,
                467,
                466,
                465,
                464,
                463,
                462,
                461,
                460,
                459,
                458,
                457,
                456,
                455,
                454,
                453,
                452,
                451,
                450,
                449,
                448,
                447,
                446,
                445,
                444,
                443,
                442,
                441,
                440,
                439,
                438,
                437,
                436,
                435,
                434,
                433,
                432,
                431,
                430,
                429,
                428,
                427,
                426,
                425,
                424,
                423,
                422,
                421,
                420,
                419,
                418,
                417,
                416,
                415,
                414,
                413,
                412,
                411,
                410,
                409,
                408,
                407,
                406,
                405,
                404,
                403,
                402,
                401,
                400,
                399,
                398,
                397,
                396,
                395,
                394,
                393,
                392,
                391,
                390,
                389,
                388,
                387,
                386,
                385,
                384,
                383,
                382,
                381,
                380,
                379,
                378,
                377,
                376,
                375,
                374,
                373,
                372,
                371,
                370,
                369,
                368,
                367,
                366,
                365,
                364,
                363,
                362,
                361,
                360,
                359,
                358,
                357,
                356,
                355,
                354,
                353,
                352,
                351,
                350,
                349,
                348,
                347,
                346,
                345,
                344,
                343,
                342,
                341,
                340,
                339,
                338,
                337,
                336,
                335,
                334,
                333,
                332,
                331,
                330,
                329,
                328,
                327,
                326,
                325,
                324,
                323,
                322,
                321,
                320,
                319,
                318,
                317,
                316,
                315,
                314,
                313,
                312,
                311,
                310,
                309,
                308,
                307,
                306,
                305,
                304,
                303,
                302,
                301,
                300,
                299,
                298,
                297,
                296,
                295,
                294,
                293,
                292,
                291,
                290,
                289,
                288,
                287,
                286,
                285,
                284,
                283,
                282,
                281,
                280,
                279,
                278,
                277,
                276,
                275,
                274,
                273,
                272,
                271,
                270,
                269,
                268,
                267,
                266,
                265,
                264,
                263,
                262,
                261,
                260,
                259,
                258,
                257,
                256,
                255,
                254,
                253,
                252,
                251,
                250,
                249,
                248,
                247,
                246,
                245,
                244,
                243,
                242,
                241,
                240,
                239,
                238,
                237,
                236,
                235,
                234,
                233,
                232,
                231,
                230,
                229,
                228,
                227,
                226,
                225,
                224,
                223,
                222,
                221,
                220,
                219,
                218,
                217,
                216,
                215,
                214,
                213,
                212,
                211,
                210,
                209,
                208,
                207,
                206,
                205,
                204,
                203,
                202,
                201,
                200,
                199,
                198,
                197,
                196,
                195,
                194,
                193,
                192,
                191,
                190,
                189,
                188,
                187,
                186,
                185,
                184,
                183,
                182,
                181,
                180,
                179,
                178,
                177,
                176,
                175,
                174,
                173,
                172,
                171,
                170,
                169,
                168,
                167,
                166,
                165,
                164,
                163,
                162,
                161,
                160,
                159,
                158,
                157,
                156,
                155,
                154,
                153,
                152,
                151,
                150,
                149,
                148,
                147,
                146,
                145,
                144,
                143,
                142,
                141,
                140,
                139,
                138,
                137,
                136,
                135,
                134,
                133,
                132,
                131,
                130,
                129,
                128,
                127,
                126,
                125,
                124,
                123,
                122,
                121,
                120,
                119,
                118,
                117,
                116,
                115,
                114,
                113,
                112,
                111,
                110,
                109,
                108,
                107,
                106,
                105,
                104,
                103,
                102,
                101,
                100,
                99,
                98,
                97,
                96,
                95,
                94,
                93,
                92,
                91,
                90,
                89,
                88,
                87,
                86,
                85,
                84,
                83,
                82,
                81,
                80,
                79,
                78,
                77,
                76,
                75,
                74,
                73,
                72,
                71,
                70,
                69,
                68,
                67,
                66,
                65,
                64,
                63,
                62,
                61,
                60,
                59,
                58,
                57,
                56,
                55,
                54,
                53,
                52,
                51,
                50,
                49,
                48,
                47,
                46,
                45,
                44,
                43,
                42,
                41,
                40,
                39,
                38,
                37,
                36,
                35,
                34,
                33,
                32,
                31,
                30,
                29,
                28,
                27,
                26,
                25,
                24,
                23,
                22,
                21,
                20,
                19,
                18,
                17,
                16,
                15,
                14,
                13,
                12,
                11,
                10,
                9,
                8,
                7,
                6,
                5,
                4,
                3,
                2,
                1
            ],
            "matrix": [
                1.0,
                0.0,
                0.0,
                0.0,
                0.0,
                0.0,
                -1.0,
                0.0,
                0.0,
                1.0,
                0.0,
                0.0,
                0.0,
                0.0,
                0.0,
                1.0
            ],
            "name": "Z_UP"
        },
        {
            "mesh": 0,
            "matrix": [
                -0.984807789325714,
                -0.1736481785774231,
                0.0,
                0.0,
                0.0,
                0.0,
                1.0,
                0.0,
                -0.1736481785774231,
                0.984807789325714,
                0.0,
                0.0,
                84.83550262451172,
                68.23751831054688,
                188.03781127929688,
                1.0
            ],
            "name": "19LZmD0frCTAH2AW6nkVDg"
        },
        {
            "mesh": 0,
            "matrix": [
                -0.9940563440322876,
                -0.1088668778538704,
                0.0,
                0.0,
                0.0,
                0.0,
                1.0,
                0.0,
                -0.1088668778538704,
                0.9940563440322876,
                0.0,
                0.0,
                73.7816390991211,
                61.59609603881836,
                188.03781127929688,
                1.0
            ],
            "name": "19LZmD0frCTAH2AW6nkVDe"
        },
        {
            "mesh": 0,
            "matrix": [
                -0.08715573698282242,
                -0.9961947202682496,
                0.0,
                0.0,
                0.0,
                0.0,
                1.0,
                0.0,
                -0.9961947202682496,
                0.08715573698282242,
                0.0,
                0.0,
                45.73971939086914,
                60.80743789672852,
                188.03781127929688,
                1.0
            ],
            "name": "19LZmD0frCTAH2AW6nkVDs"
        },
        {
            "mesh": 0,
            "matrix": [
                0.9990482926368712,
                0.04361938685178757,
                0.0,
                0.0,
                0.0,
                0.0,
                1.0,
                0.0,
                0.04361938685178757,
                -0.9990482926368712,
                0.0,
                0.0,
                59.57759857177735,
                62.801361083984378,
                188.03781127929688,
                1.0
            ],
            "name": "19LZmD0frCTAH2AW6nkVDq"
        },
        {
            "mesh": 0,
            "matrix": [
                -0.9961947202682496,
                0.08715573698282242,
                0.0,
                0.0,
                0.0,
                0.0,
                1.0,
                0.0,
                0.08715573698282242,
                0.9961947202682496,
                0.0,
                0.0,
                39.94453048706055,
                72.62149810791016,
                188.03781127929688,
                1.0
            ],
            "name": "19LZmD0frCTAH2AW6nkVDp"
        },
        {
            "mesh": 0,
            "matrix": [
                0.08715573698282242,
                0.9961947202682496,
                0.0,
                0.0,
                0.0,
                0.0,
                1.0,
                0.0,
                0.9961947202682496,
                -0.08715573698282242,
                0.0,
                0.0,
                43.48015213012695,
                95.11720275878906,
                188.03781127929688,
                1.0
            ],
            "name": "19LZmD0frCTAH2AW6nkVDn"
        },
        {
            "mesh": 0,
            "matrix": [
                -0.984807789325714,
                -0.1736481785774231,
                0.0,
                0.0,
                0.0,
                0.0,
                1.0,
                0.0,
                -0.1736481785774231,
                0.984807789325714,
                0.0,
                0.0,
                79.07547760009766,
                92.17107391357422,
                188.03781127929688,
                1.0
            ],
            "name": "19LZmD0frCTAH2AW6nkVD$"
        },
        {
            "mesh": 0,
            "matrix": [
                -0.984807789325714,
                -0.1736481785774231,
                0.0,
                0.0,
                0.0,
                0.0,
                1.0,
                0.0,
                -0.1736481785774231,
                0.984807789325714,
                0.0,
                0.0,
                79.8926773071289,
                96.27111053466796,
                188.03781127929688,
                1.0
            ],
            "name": "19LZmD0frCTAH2AW6nkVDz"
        },
        {
            "mesh": 0,
            "matrix": [
                0.9990482926368712,
                0.04361938685178757,
                0.0,
                0.0,
                0.0,
                0.0,
                1.0,
                0.0,
                0.04361938685178757,
                -0.9990482926368712,
                0.0,
                0.0,
                61.46885299682617,
                92.91251373291016,
                188.03781127929688,
                1.0
            ],
            "name": "19LZmD0frCTAH2AW6nkVDx"
        },
        {
            "mesh": 0,
            "matrix": [
                -0.984807789325714,
                -0.1736481785774231,
                0.0,
                0.0,
                0.0,
                0.0,
                1.0,
                0.0,
                -0.1736481785774231,
                0.984807789325714,
                0.0,
                0.0,
                72.90303802490235,
                121.54550170898438,
                188.03781127929688,
                1.0
            ],
            "name": "19LZmD0frCTAH2AW6nkVDv"
        },
        {
            "mesh": 0,
            "matrix": [
                -0.9848077297210692,
                -0.1736481785774231,
                0.0,
                0.0,
                0.0,
                0.0,
                1.0,
                0.0,
                -0.1736481785774231,
                0.9848077297210692,
                0.0,
                0.0,
                73.73590087890625,
                125.46212768554688,
                188.03781127929688,
                1.0
            ],
            "name": "19LZmD0frCTAH2AW6nkVD7"
        },
        {
            "mesh": 0,
            "matrix": [
                0.9990482926368712,
                0.04361938685178757,
                0.0,
                0.0,
                0.0,
                0.0,
                1.0,
                0.0,
                0.04361938685178757,
                -0.9990482926368712,
                0.0,
                0.0,
                62.54536437988281,
                122.6801300048828,
                188.03781127929688,
                1.0
            ],
            "name": "19LZmD0frCTAH2AW6nkVD5"
        },
        {
            "mesh": 0,
            "matrix": [
                0.9961947202682496,
                -0.08715573698282242,
                0.0,
                0.0,
                0.0,
                0.0,
                1.0,
                0.0,
                -0.08715573698282242,
                -0.9961947202682496,
                0.0,
                0.0,
                42.65916442871094,
                118.79047393798828,
                188.03781127929688,
                1.0
            ],
            "name": "19LZmD0frCTAH2AW6nkVD3"
        },
        {
            "mesh": 0,
            "matrix": [
                -0.9961947202682496,
                0.08715573698282242,
                0.0,
                0.0,
                0.0,
                0.0,
                1.0,
                0.0,
                0.08715573698282242,
                0.9961947202682496,
                0.0,
                0.0,
                32.11679458618164,
                112.5279769897461,
                188.03781127929688,
                1.0
            ],
            "name": "19LZmD0frCTAH2AW6nkVD2"
        },
        {
            "mesh": 0,
            "matrix": [
                0.9762960076332092,
                -0.2164396196603775,
                0.0,
                0.0,
                0.0,
                0.0,
                1.0,
                0.0,
                -0.2164396196603775,
                -0.9762960076332092,
                0.0,
                0.0,
                25.028413772583009,
                115.54283142089844,
                188.03781127929688,
                1.0
            ],
            "name": "19LZmD0frCTAH2AW6nkVD0"
        },
        {
            "mesh": 0,
            "matrix": [
                -0.9396926760673524,
                0.3420201539993286,
                0.0,
                0.0,
                0.0,
                0.0,
                1.0,
                0.0,
                0.3420201539993286,
                0.9396926760673524,
                0.0,
                0.0,
                14.76814651489258,
                115.66466522216796,
                188.03781127929688,
                1.0
            ],
            "name": "19LZmD0frCTAH2AW6nkVDE"
        },
        {
            "mesh": 0,
            "matrix": [
                -0.9396926760673524,
                0.3420201539993286,
                0.0,
                0.0,
                0.0,
                0.0,
                1.0,
                0.0,
                0.3420201539993286,
                0.9396926760673524,
                0.0,
                0.0,
                -1.0692601203918458,
                93.77526092529296,
                183.03781127929688,
                1.0
            ],
            "name": "19LZmD0frCTAH2AW6nkVFA"
        },
        {
            "mesh": 0,
            "matrix": [
                -0.3420201539993286,
                -0.9396926760673524,
                0.0,
                0.0,
                0.0,
                0.0,
                1.0,
                0.0,
                -0.9396926760673524,
                0.3420201539993286,
                0.0,
                0.0,
                -2.702758550643921,
                89.77283477783203,
                183.03781127929688,
                1.0
            ],
            "name": "19LZmD0frCTAH2AW6nkVEd"
        },
        {
            "mesh": 0,
            "matrix": [
                -0.9762960076332092,
                0.2164396196603775,
                0.0,
                0.0,
                0.0,
                0.0,
                1.0,
                0.0,
                0.2164396196603775,
                0.9762960076332092,
                0.0,
                0.0,
                6.920077800750732,
                86.75102996826172,
                183.03781127929688,
                1.0
            ],
            "name": "19LZmD0frCTAH2AW6nkVEe"
        },
        {
            "mesh": 0,
            "matrix": [
                0.9762960076332092,
                -0.2164396196603775,
                0.0,
                0.0,
                0.0,
                0.0,
                1.0,
                0.0,
                -0.2164396196603775,
                -0.9762960076332092,
                0.0,
                0.0,
                18.868698120117189,
                86.50863647460938,
                183.03781127929688,
                1.0
            ],
            "name": "19LZmD0frCTAH2AW6nkV9r"
        },
        {
            "mesh": 0,
            "matrix": [
                -0.984807789325714,
                -0.1736481785774231,
                0.0,
                0.0,
                0.0,
                0.0,
                1.0,
                0.0,
                -0.1736481785774231,
                0.984807789325714,
                0.0,
                0.0,
                84.83550262451172,
                68.23751831054688,
                183.03781127929688,
                1.0
            ],
            "name": "19LZmD0frCTAH2AW6nkV9A"
        },
        {
            "mesh": 0,
            "matrix": [
                -0.9940563440322876,
                -0.1088668778538704,
                0.0,
                0.0,
                0.0,
                0.0,
                1.0,
                0.0,
                -0.1088668778538704,
                0.9940563440322876,
                0.0,
                0.0,
                73.7816390991211,
                61.59609603881836,
                183.03781127929688,
                1.0
            ],
            "name": "19LZmD0frCTAH2AW6nkV8k"
        },
        {
            "mesh": 0,
            "matrix": [
                -0.08715573698282242,
                -0.9961947202682496,
                0.0,
                0.0,
                0.0,
                0.0,
                1.0,
                0.0,
                -0.9961947202682496,
                0.08715573698282242,
                0.0,
                0.0,
                45.73971939086914,
                60.80743789672852,
                183.03781127929688,
                1.0
            ],
            "name": "19LZmD0frCTAH2AW6nkV84"
        },
        {
            "mesh": 0,
            "matrix": [
                0.9990482926368712,
                0.04361938685178757,
                0.0,
                0.0,
                0.0,
                0.0,
                1.0,
                0.0,
                0.04361938685178757,
                -0.9990482926368712,
                0.0,
                0.0,
                59.57759857177735,
                62.801361083984378,
                183.03781127929688,
                1.0
            ],
            "name": "19LZmD0frCTAH2AW6nkVBk"
        },
        {
            "mesh": 0,
            "matrix": [
                -0.9961947202682496,
                0.08715573698282242,
                0.0,
                0.0,
                0.0,
                0.0,
                1.0,
                0.0,
                0.08715573698282242,
                0.9961947202682496,
                0.0,
                0.0,
                39.94453048706055,
                72.62149810791016,
                183.03781127929688,
                1.0
            ],
            "name": "19LZmD0frCTAH2AW6nkVBI"
        },
        {
            "mesh": 0,
            "matrix": [
                0.08715573698282242,
                0.9961947202682496,
                0.0,
                0.0,
                0.0,
                0.0,
                1.0,
                0.0,
                0.9961947202682496,
                -0.08715573698282242,
                0.0,
                0.0,
                43.48015213012695,
                95.11720275878906,
                183.03781127929688,
                1.0
            ],
            "name": "19LZmD0frCTAH2AW6nkVAV"
        },
        {
            "mesh": 0,
            "matrix": [
                -0.984807789325714,
                -0.1736481785774231,
                0.0,
                0.0,
                0.0,
                0.0,
                1.0,
                0.0,
                -0.1736481785774231,
                0.984807789325714,
                0.0,
                0.0,
                79.07547760009766,
                92.17107391357422,
                183.03781127929688,
                1.0
            ],
            "name": "19LZmD0frCTAH2AW6nkVKQ"
        },
        {
            "mesh": 0,
            "matrix": [
                -0.984807789325714,
                -0.1736481785774231,
                0.0,
                0.0,
                0.0,
                0.0,
                1.0,
                0.0,
                -0.1736481785774231,
                0.984807789325714,
                0.0,
                0.0,
                79.8926773071289,
                96.27111053466796,
                183.03781127929688,
                1.0
            ],
            "name": "19LZmD0frCTAH2AW6nkVN4"
        },
        {
            "mesh": 0,
            "matrix": [
                0.9990482926368712,
                0.04361938685178757,
                0.0,
                0.0,
                0.0,
                0.0,
                1.0,
                0.0,
                0.04361938685178757,
                -0.9990482926368712,
                0.0,
                0.0,
                61.46885299682617,
                92.91251373291016,
                183.03781127929688,
                1.0
            ],
            "name": "19LZmD0frCTAH2AW6nkVNA"
        },
        {
            "mesh": 0,
            "matrix": [
                -0.984807789325714,
                -0.1736481785774231,
                0.0,
                0.0,
                0.0,
                0.0,
                1.0,
                0.0,
                -0.1736481785774231,
                0.984807789325714,
                0.0,
                0.0,
                72.90303802490235,
                121.54550170898438,
                183.03781127929688,
                1.0
            ],
            "name": "19LZmD0frCTAH2AW6nkVNT"
        },
        {
            "mesh": 0,
            "matrix": [
                -0.9848077297210692,
                -0.1736481785774231,
                0.0,
                0.0,
                0.0,
                0.0,
                1.0,
                0.0,
                -0.1736481785774231,
                0.9848077297210692,
                0.0,
                0.0,
                73.73590087890625,
                125.46212768554688,
                183.03781127929688,
                1.0
            ],
            "name": "19LZmD0frCTAH2AW6nkVHM"
        },
        {
            "mesh": 0,
            "matrix": [
                0.9990482926368712,
                0.04361938685178757,
                0.0,
                0.0,
                0.0,
                0.0,
                1.0,
                0.0,
                0.04361938685178757,
                -0.9990482926368712,
                0.0,
                0.0,
                62.54536437988281,
                122.6801300048828,
                183.03781127929688,
                1.0
            ],
            "name": "19LZmD0frCTAH2AW6nkVGd"
        },
        {
            "mesh": 0,
            "matrix": [
                0.9961947202682496,
                -0.08715573698282242,
                0.0,
                0.0,
                0.0,
                0.0,
                1.0,
                0.0,
                -0.08715573698282242,
                -0.9961947202682496,
                0.0,
                0.0,
                42.65916442871094,
                118.79047393798828,
                183.03781127929688,
                1.0
            ],
            "name": "19LZmD0frCTAH2AW6nkVIe"
        },
        {
            "mesh": 0,
            "matrix": [
                -0.9961947202682496,
                0.08715573698282242,
                0.0,
                0.0,
                0.0,
                0.0,
                1.0,
                0.0,
                0.08715573698282242,
                0.9961947202682496,
                0.0,
                0.0,
                32.11679458618164,
                112.5279769897461,
                183.03781127929688,
                1.0
            ],
            "name": "19LZmD0frCTAH2AW6nkVI5"
        },
        {
            "mesh": 0,
            "matrix": [
                0.9762960076332092,
                -0.2164396196603775,
                0.0,
                0.0,
                0.0,
                0.0,
                1.0,
                0.0,
                -0.2164396196603775,
                -0.9762960076332092,
                0.0,
                0.0,
                25.028413772583009,
                115.54283142089844,
                183.03781127929688,
                1.0
            ],
            "name": "19LZmD0frCTAH2AW6nkVIK"
        },
        {
            "mesh": 0,
            "matrix": [
                -0.9396926760673524,
                0.3420201539993286,
                0.0,
                0.0,
                0.0,
                0.0,
                1.0,
                0.0,
                0.3420201539993286,
                0.9396926760673524,
                0.0,
                0.0,
                14.76814651489258,
                115.66466522216796,
                183.03781127929688,
                1.0
            ],
            "name": "19LZmD0frCTAH2AW6nkVIR"
        },
        {
            "mesh": 0,
            "matrix": [
                -0.9396926760673524,
                0.3420201539993286,
                0.0,
                0.0,
                0.0,
                0.0,
                1.0,
                0.0,
                0.3420201539993286,
                0.9396926760673524,
                0.0,
                0.0,
                0.15736839175224305,
                93.32879638671877,
                178.0377960205078,
                1.0
            ],
            "name": "1r6vC9VnH1BQ8flD9ZeSr$"
        },
        {
            "mesh": 0,
            "matrix": [
                -0.9396926760673524,
                0.3420201539993286,
                0.0,
                0.0,
